# Version 3.0
# DIE -17.5000 -17.5000 17.5000 17.5000
# TILE 7 7
# LAYER 23 FEOL MEOL M0 VIA0 M1 VIA1 M2 VIA2 M3 VIA3 M4 VIA4 M5 VIA5 M6 VIA6 M7 VIA7 M8 VIA8 M9 VIA9 M10
# SCALE_FACTOR 1.0000
# TileID X1(um) Y1(um) X2(um) Y2(um)  FEOL MEOL M0 VIA0 M1 VIA1 M2 VIA2 M3 VIA3 M4 VIA4 M5 VIA5 M6 VIA6 M7 VIA7 M8 VIA8 M9 VIA9 M10
1 -17.5000 -17.5000 -12.5000 -12.5000 34.385 34.414 34.376 34.326 34.276 34.228 34.179 34.132 34.084 34.037 33.991 33.945 33.891 33.801 33.712 33.623 33.535 33.449 33.352 33.203 33.054 32.907 32.744
2 -17.5000 -12.5000 -12.5000 -7.5000 34.334 34.330 34.298 34.254 34.211 34.168 34.124 34.081 34.038 33.995 33.951 33.909 33.859 33.773 33.687 33.602 33.517 33.433 33.337 33.190 33.043 32.897 32.733
3 -17.5000 -7.5000 -12.5000 -2.5000 34.307 34.289 34.258 34.216 34.175 34.133 34.091 34.050 34.008 33.966 33.925 33.883 33.835 33.751 33.668 33.584 33.501 33.418 33.324 33.178 33.032 32.886 32.723
4 -17.5000 -2.5000 -12.5000 2.5000 34.310 34.296 34.263 34.220 34.177 34.135 34.092 34.049 34.007 33.965 33.922 33.880 33.831 33.748 33.664 33.580 33.497 33.413 33.320 33.174 33.029 32.883 32.720
5 -17.5000 2.5000 -12.5000 7.5000 34.309 34.293 34.262 34.220 34.178 34.137 34.095 34.053 34.011 33.969 33.927 33.885 33.836 33.752 33.668 33.584 33.501 33.417 33.323 33.177 33.031 32.886 32.723
6 -17.5000 7.5000 -12.5000 12.5000 34.323 34.316 34.283 34.240 34.197 34.154 34.111 34.068 34.025 33.982 33.939 33.896 33.847 33.762 33.677 33.593 33.508 33.424 33.329 33.183 33.036 32.890 32.727
7 -17.5000 12.5000 -12.5000 17.5000 34.331 34.327 34.294 34.250 34.206 34.163 34.119 34.076 34.032 33.989 33.946 33.903 33.853 33.767 33.682 33.597 33.512 33.428 33.333 33.186 33.039 32.893 32.730
8 -12.5000 -17.5000 -7.5000 -12.5000 34.323 34.311 34.280 34.238 34.196 34.154 34.112 34.069 34.027 33.985 33.943 33.900 33.851 33.766 33.682 33.597 33.513 33.429 33.334 33.188 33.041 32.895 32.732
9 -12.5000 -12.5000 -7.5000 -7.5000 34.295 34.267 34.238 34.198 34.159 34.119 34.079 34.039 33.998 33.958 33.917 33.876 33.829 33.746 33.664 33.581 33.499 33.416 33.323 33.177 33.032 32.886 32.723
10 -12.5000 -7.5000 -7.5000 -2.5000 34.285 34.255 34.225 34.185 34.145 34.105 34.065 34.024 33.984 33.944 33.903 33.862 33.815 33.733 33.651 33.569 33.487 33.405 33.312 33.168 33.023 32.877 32.715
11 -12.5000 -2.5000 -7.5000 2.5000 34.291 34.267 34.235 34.194 34.153 34.111 34.070 34.029 33.987 33.946 33.905 33.864 33.816 33.733 33.650 33.568 33.486 33.403 33.310 33.165 33.020 32.875 32.713
12 -12.5000 2.5000 -7.5000 7.5000 34.299 34.279 34.248 34.206 34.164 34.122 34.080 34.039 33.997 33.955 33.913 33.872 33.823 33.740 33.657 33.574 33.491 33.407 33.314 33.169 33.024 32.878 32.716
13 -12.5000 7.5000 -7.5000 12.5000 34.309 34.295 34.262 34.220 34.177 34.135 34.093 34.050 34.008 33.966 33.924 33.881 33.833 33.749 33.665 33.581 33.497 33.414 33.320 33.174 33.028 32.883 32.720
14 -12.5000 12.5000 -7.5000 17.5000 34.303 34.283 34.253 34.212 34.171 34.130 34.089 34.048 34.007 33.965 33.923 33.882 33.834 33.750 33.667 33.584 33.500 33.417 33.323 33.177 33.031 32.885 32.722
15 -7.5000 -17.5000 -2.5000 -12.5000 34.291 34.262 34.233 34.194 34.154 34.114 34.074 34.034 33.993 33.953 33.912 33.872 33.824 33.742 33.660 33.578 33.495 33.412 33.319 33.174 33.028 32.883 32.720
16 -7.5000 -12.5000 -2.5000 -7.5000 34.277 34.242 34.213 34.174 34.135 34.096 34.056 34.017 33.977 33.937 33.897 33.857 33.810 33.729 33.648 33.566 33.484 33.402 33.310 33.165 33.020 32.875 32.713
17 -7.5000 -7.5000 -2.5000 -2.5000 34.267 34.229 34.200 34.160 34.122 34.082 34.043 34.003 33.964 33.924 33.884 33.844 33.798 33.717 33.636 33.555 33.474 33.392 33.300 33.156 33.012 32.867 32.705
18 -7.5000 -2.5000 -2.5000 2.5000 34.269 34.233 34.203 34.163 34.124 34.084 34.044 34.004 33.964 33.924 33.884 33.844 33.797 33.715 33.634 33.553 33.472 33.390 33.297 33.153 33.010 32.865 32.702
19 -7.5000 2.5000 -2.5000 7.5000 34.281 34.253 34.222 34.181 34.140 34.099 34.058 34.018 33.977 33.935 33.895 33.854 33.806 33.724 33.642 33.560 33.477 33.395 33.302 33.158 33.013 32.868 32.706
20 -7.5000 7.5000 -2.5000 12.5000 34.294 34.272 34.240 34.199 34.157 34.115 34.073 34.031 33.990 33.948 33.907 33.865 33.817 33.734 33.651 33.568 33.485 33.403 33.309 33.164 33.019 32.874 32.711
21 -7.5000 12.5000 -2.5000 17.5000 34.291 34.266 34.235 34.195 34.154 34.113 34.073 34.032 33.991 33.950 33.909 33.868 33.820 33.738 33.655 33.572 33.489 33.407 33.313 33.168 33.023 32.878 32.715
22 -2.5000 -17.5000 2.5000 -12.5000 34.312 34.301 34.268 34.225 34.181 34.138 34.095 34.052 34.009 33.966 33.923 33.881 33.831 33.747 33.662 33.578 33.494 33.410 33.316 33.170 33.024 32.879 32.716
23 -2.5000 -12.5000 2.5000 -7.5000 34.291 34.268 34.237 34.195 34.153 34.111 34.069 34.027 33.986 33.944 33.902 33.861 33.813 33.730 33.647 33.564 33.482 33.399 33.305 33.161 33.016 32.870 32.708
24 -2.5000 -7.5000 2.5000 -2.5000 34.265 34.228 34.198 34.159 34.119 34.079 34.039 33.999 33.959 33.919 33.879 33.839 33.792 33.711 33.630 33.548 33.467 33.385 33.293 33.149 33.006 32.861 32.699
25 -2.5000 -2.5000 2.5000 2.5000 34.257 34.216 34.187 34.148 34.108 34.069 34.030 33.990 33.951 33.911 33.871 33.832 33.785 33.704 33.624 33.543 33.462 33.380 33.289 33.145 33.002 32.857 32.695
26 -2.5000 2.5000 2.5000 7.5000 34.266 34.230 34.201 34.161 34.121 34.081 34.042 34.002 33.962 33.921 33.881 33.840 33.793 33.712 33.631 33.550 33.468 33.386 33.294 33.150 33.006 32.861 32.699
27 -2.5000 7.5000 2.5000 12.5000 34.284 34.257 34.227 34.186 34.145 34.104 34.063 34.022 33.981 33.940 33.898 33.857 33.809 33.727 33.644 33.562 33.479 33.397 33.304 33.159 33.014 32.869 32.706
28 -2.5000 12.5000 2.5000 17.5000 34.294 34.272 34.241 34.200 34.159 34.118 34.076 34.035 33.993 33.952 33.910 33.869 33.820 33.737 33.654 33.571 33.488 33.405 33.311 33.166 33.020 32.875 32.712
29 2.5000 -17.5000 7.5000 -12.5000 34.326 34.327 34.292 34.246 34.200 34.155 34.110 34.066 34.021 33.977 33.933 33.890 33.839 33.753 33.667 33.582 33.497 33.413 33.318 33.171 33.025 32.880 32.717
30 2.5000 -12.5000 7.5000 -7.5000 34.291 34.269 34.238 34.196 34.155 34.113 34.071 34.029 33.987 33.946 33.904 33.862 33.814 33.731 33.648 33.565 33.482 33.399 33.305 33.160 33.015 32.870 32.707
31 2.5000 -7.5000 7.5000 -2.5000 34.262 34.225 34.196 34.156 34.116 34.077 34.037 33.997 33.957 33.917 33.877 33.837 33.790 33.708 33.627 33.546 33.465 33.383 33.291 33.147 33.003 32.859 32.696
32 2.5000 -2.5000 7.5000 2.5000 34.254 34.213 34.184 34.144 34.105 34.066 34.026 33.987 33.947 33.907 33.867 33.828 33.781 33.700 33.620 33.539 33.458 33.377 33.285 33.142 32.998 32.854 32.692
33 2.5000 2.5000 7.5000 7.5000 34.264 34.228 34.198 34.158 34.119 34.078 34.038 33.998 33.958 33.918 33.877 33.837 33.790 33.709 33.628 33.546 33.465 33.383 33.291 33.147 33.003 32.858 32.696
34 2.5000 7.5000 7.5000 12.5000 34.291 34.271 34.239 34.197 34.155 34.113 34.071 34.029 33.987 33.945 33.903 33.861 33.813 33.730 33.647 33.563 33.480 33.397 33.304 33.159 33.014 32.869 32.706
35 2.5000 12.5000 7.5000 17.5000 34.315 34.307 34.274 34.230 34.186 34.142 34.099 34.056 34.012 33.969 33.926 33.883 33.833 33.748 33.663 33.579 33.494 33.410 33.316 33.169 33.023 32.878 32.715
36 7.5000 -17.5000 12.5000 -12.5000 34.307 34.293 34.262 34.220 34.178 34.137 34.095 34.052 34.010 33.968 33.926 33.884 33.834 33.750 33.666 33.581 33.497 33.413 33.319 33.173 33.026 32.881 32.718
37 7.5000 -12.5000 12.5000 -7.5000 34.281 34.253 34.223 34.184 34.144 34.104 34.064 34.023 33.983 33.942 33.901 33.860 33.812 33.730 33.648 33.565 33.482 33.399 33.306 33.161 33.016 32.871 32.708
38 7.5000 -7.5000 12.5000 -2.5000 34.264 34.229 34.199 34.160 34.120 34.080 34.040 34.000 33.960 33.920 33.879 33.839 33.792 33.710 33.629 33.548 33.466 33.384 33.292 33.148 33.004 32.859 32.697
39 7.5000 -2.5000 12.5000 2.5000 34.255 34.216 34.187 34.147 34.108 34.068 34.029 33.989 33.949 33.909 33.869 33.829 33.782 33.701 33.621 33.540 33.458 33.377 33.285 33.141 32.998 32.853 32.691
40 7.5000 2.5000 12.5000 7.5000 34.261 34.225 34.195 34.155 34.116 34.076 34.036 33.996 33.956 33.916 33.876 33.836 33.789 33.708 33.627 33.546 33.464 33.383 33.290 33.146 33.002 32.858 32.695
41 7.5000 7.5000 12.5000 12.5000 34.291 34.271 34.239 34.197 34.156 34.114 34.073 34.031 33.989 33.948 33.906 33.865 33.816 33.733 33.649 33.566 33.483 33.400 33.306 33.161 33.016 32.870 32.708
42 7.5000 12.5000 12.5000 17.5000 34.326 34.326 34.292 34.247 34.203 34.158 34.114 34.070 34.026 33.983 33.939 33.896 33.845 33.759 33.673 33.587 33.502 33.417 33.322 33.175 33.028 32.882 32.720
43 12.5000 -17.5000 17.5000 -12.5000 34.321 34.318 34.285 34.241 34.197 34.153 34.109 34.066 34.022 33.979 33.936 33.892 33.842 33.757 33.671 33.586 33.501 33.417 33.322 33.175 33.028 32.882 32.719
44 12.5000 -12.5000 17.5000 -7.5000 34.298 34.282 34.251 34.208 34.166 34.124 34.081 34.039 33.997 33.955 33.913 33.870 33.822 33.737 33.654 33.570 33.487 33.403 33.309 33.163 33.018 32.872 32.709
45 12.5000 -7.5000 17.5000 -2.5000 34.279 34.255 34.223 34.181 34.139 34.097 34.056 34.014 33.973 33.931 33.890 33.848 33.800 33.717 33.635 33.552 33.470 33.387 33.294 33.150 33.005 32.860 32.698
46 12.5000 -2.5000 17.5000 2.5000 34.261 34.226 34.195 34.155 34.115 34.074 34.034 33.994 33.953 33.913 33.872 33.832 33.785 33.704 33.623 33.541 33.460 33.378 33.286 33.142 32.998 32.854 32.692
47 12.5000 2.5000 17.5000 7.5000 34.254 34.211 34.183 34.145 34.107 34.068 34.030 33.991 33.951 33.912 33.873 33.833 33.787 33.706 33.626 33.545 33.464 33.382 33.290 33.147 33.003 32.858 32.695
48 12.5000 7.5000 17.5000 12.5000 34.286 34.261 34.231 34.191 34.151 34.111 34.070 34.029 33.988 33.947 33.906 33.865 33.817 33.734 33.651 33.568 33.485 33.402 33.308 33.163 33.017 32.872 32.709
49 12.5000 12.5000 17.5000 17.5000 34.342 34.352 34.316 34.270 34.223 34.177 34.131 34.085 34.040 33.995 33.950 33.906 33.854 33.767 33.680 33.593 33.507 33.422 33.326 33.178 33.031 32.885 32.722
